title:
Lambarka Kajeeda

url:
https://so.wikipedia.org/wiki?curid=13602

text:
Lambarka Kajeeda

Lambarada Kajeeda ( ingiriis : quaternary number) waa saldhiga 4aad ee xisaabta . 
Lambarada kajeeda waxaa loo isticmaalaa tiro dhijit ah sida 0 , 1 , 2 , i y o 3 {\displaystyle 0,1,2,iyo3} kuwaas oo u taagan lambarada aasaaska tirada .


# Tables

## Diiwaanka iskudhufashada lambarada kajeeda
| * | 1 | 2 | 3 | 10 | 11 | 12 | 13 | 20 |
| --- | --- | --- | --- | --- | --- | --- | --- | --- |
| 1 | 1 | 2 | 3 | 10 | 11 | 12 | 13 | 20 |
| 2 | 2 | 10 | 12 | 20 | 22 | 30 | 32 | 100 |
| 3 | 3 | 12 | 21 | 30 | 33 | 102 | 111 | 120 |
| 10 | 10 | 20 | 30 | 100 | 110 | 120 | 130 | 200 |
| 11 | 11 | 22 | 33 | 110 | 121 | 132 | 203 | 220 |
| 12 | 12 | 30 | 102 | 120 | 132 | 210 | 222 | 300 |
| 13 | 13 | 32 | 111 | 130 | 203 | 222 | 301 | 320 |
| 20 | 20 | 100 | 120 | 200 | 220 | 300 | 320 | 1000 |

## Lambarada eber ilaa lixdan iyo afar ee Lambarada Kajeeda
| Desimal | 0 | 1 | 2 | 3 | 4 | 5 | 6 | 7 | 8 | 9 | 10 | 11 | 12 | 13 | 14 | 15 |
| --- | --- | --- | --- | --- | --- | --- | --- | --- | --- | --- | --- | --- | --- | --- | --- | --- |
| Lambarada kajeeda | 0 | 1 | 2 | 3 | 10 | 11 | 12 | 13 | 20 | 21 | 22 | 23 | 30 | 31 | 32 | 33 |
| Qoraal ahaan | 0 | 1 | 2 | 3 | 4 | 5 | 6 | 7 | 10 | 11 | 12 | 13 | 14 | 15 | 16 | 17 |
| Lambarka Dadban | 0 | 1 | 10 | 11 | 100 | 101 | 110 | 111 | 1000 | 1001 | 1010 | 1011 | 1100 | 1101 | 1110 | 1111 |
|  |
| Desimal | 16 | 17 | 18 | 19 | 20 | 21 | 22 | 23 | 24 | 25 | 26 | 27 | 28 | 29 | 30 | 31 |
| Lambarka Kajeeda | 100 | 101 | 102 | 103 | 110 | 111 | 112 | 113 | 120 | 121 | 122 | 123 | 130 | 131 | 132 | 133 |
| Qoraal ahaan | 20 | 21 | 22 | 23 | 24 | 25 | 26 | 27 | 30 | 31 | 32 | 33 | 34 | 35 | 36 | 37 |
| Lambarka Dadban | 10000 | 10001 | 10010 | 10011 | 10100 | 10101 | 10110 | 10111 | 11000 | 11001 | 11010 | 11011 | 11100 | 11101 | 11110 | 11111 |
|  |
| Desimal | 32 | 33 | 34 | 35 | 36 | 37 | 38 | 39 | 40 | 41 | 42 | 43 | 44 | 45 | 46 | 47 |
| Lambarka Kajeeda | 200 | 201 | 202 | 203 | 210 | 211 | 212 | 213 | 220 | 221 | 222 | 223 | 230 | 231 | 232 | 233 |
| Qoraal ahaan | 40 | 41 | 42 | 43 | 44 | 45 | 46 | 47 | 50 | 51 | 52 | 53 | 54 | 55 | 56 | 57 |
| Lambarka Dadban | 100000 | 100001 | 100010 | 100011 | 100100 | 100101 | 100110 | 100111 | 101000 | 101001 | 101010 | 101011 | 101100 | 101101 | 101110 | 101111 |
|  |
| Decimal | 48 | 49 | 50 | 51 | 52 | 53 | 54 | 55 | 56 | 57 | 58 | 59 | 60 | 61 | 62 | 63 | 64 |
| Quaternary | 300 | 301 | 302 | 303 | 310 | 311 | 312 | 313 | 320 | 321 | 322 | 323 | 330 | 331 | 332 | 333 | 1000 |
| Octal | 60 | 61 | 62 | 63 | 64 | 65 | 66 | 67 | 70 | 71 | 72 | 73 | 74 | 75 | 76 | 77 | 100 |
| Binary | 110000 | 110001 | 110010 | 110011 | 110100 | 110101 | 110110 | 110111 | 111000 | 111001 | 111010 | 111011 | 111100 | 111101 | 111110 | 111111 | 1000000 |
|  |
